periodo;Numero de llamadas gestionadas;Existosas y colgadas Llamada Saludable;Linea 018000521021;telepsicologia exitosas
1/05/2018;1520;1093;427;0
1/06/2018;1189;798;391;0
1/07/2018;1302;849;453;0
1/08/2018;1205;756;449;0
1/09/2018;1248;894;354;0
1/10/2018;1217;775;442;0
1/11/2018;1088;655;433;0
1/12/2018;1313;861;452;0
1/01/2019;1220;802;418;0
1/02/2019;1041;642;399;0
1/03/2019;1253;762;491;0
1/04/2019;1253;585;668;0
